6.020948905
10.243770304
12.988098012
16.342607105
18.291993196
21.450611344
23.278376520
25.728756425
28.359634343
29.656384015
32.592186527
34.199957509
36.142880458
38.511923142
40.322674067
41.807084620
44.617891059
45.599584397
47.741562281
49.723129324
51.686093453
52.768820768
55.267543585
56.934374055
58.116707111
60.421713949
62.008632286
63.714641119
64.976170573
67.636920864
68.365884504
70.185879909
72.155484974
73.767635521
75.143121647
76.696303203
78.809998314
80.210131238
81.213951627
83.666656014
84.731740364
86.577660168
87.629718120
89.801131617
91.349703815
92.237499910
94.166619586
96.136011162
96.961741579
98.755300416
100.134886703
102.141380827
103.288075382
104.333269844
106.694458909
107.690206975
109.259942974
110.499608176
112.367816744
113.814795549
115.142369648
116.193204658
118.537554379
119.452989876
120.731293619
122.447461379
123.794548760
125.768519560
126.298776025
127.959407683
129.885623359
131.093578754
132.143576601
133.744181464
135.490837253
136.547312267
138.457294510
138.750177705
141.253632510
142.394417522
143.329062742
144.978166278
146.522005285
147.934530812
149.188457717
150.296359002
151.961987670
153.699612623
154.575491429
155.650248663
157.748305308
158.705021126
160.236484097
161.407146976
162.566046690
164.731164617
165.401419286
166.753879169
168.044420782
170.051131187
170.734766995
172.280481772
173.442978836
174.915088085
176.597302142
177.701212575
178.362374909
180.569310385
181.614913732
182.916768329
184.115032375
185.373996608
187.068760591
188.271374332
189.491731492
190.371187611
192.361137876
193.797072926
194.231883229
196.132005655
197.113446222
198.806475736
200.162039429
200.901617871
202.260577996
204.221070780
204.992003455
206.411911048
207.317377482
209.227752493
210.103185517
211.833411820
212.537607537
213.761842101
215.793818382
216.703415266
217.581931418
219.172670567
220.405621711
221.928548507
223.003103181
224.122238488
225.293261475
226.988188488
228.405506297
228.959023633
230.330130578
232.100481747
233.048063745
234.351787702
235.836218771
236.241560495
238.537113050
239.338488136
240.626711169
241.477920928
243.228931180
244.513168584
245.564881380
246.724058535
247.995118583
249.184508965
251.086563150
251.636915840
252.623445780
254.314437350
255.837918050
256.504584947
258.165262850
258.834470524
260.430472135
261.913614988
262.883617342
264.054257888
264.932859141
267.000651200
267.801446985
268.783306062
270.278087167
271.254983694
272.755878602
274.171458313
275.033101237
275.858946011
277.772322638
278.803683887
280.157144871
280.793106949
282.379640464
283.604543434
284.925595823
286.080233308
287.149424648
287.978476263
290.252146995
290.677296323
291.832024589
293.202434178
294.327268451
295.803470825
296.900666139
298.078874115
298.870320307
300.434459850
301.919842529
302.917937583
303.661118040
305.065208865
306.795133964
307.286084937
309.122483030
309.739907614
310.823674961
312.556366868
313.877942455
314.433165169
315.734986125
317.012318042
318.456217256
319.579691297
320.406303645
322.001967804
322.539117424
324.518444674
325.474784044
326.458541220
327.259931767
329.200097938
330.036049590
331.211402900
332.572946528
333.181508329
334.768699895
336.152717554
337.139663055
338.226282686
339.011252615
340.841952352
342.026153183
342.685858237
344.083666157
345.209775341
346.262760467
347.924648114
348.981798389
349.434342457
350.977213109
352.391768243
353.693333326
354.301737742
355.744440263
356.627647214
358.288275093
359.096461193
360.711041025
361.197493036
362.276968893
364.419724432
364.803736092
366.049689518
367.125534935
368.433814890
369.501693332
371.069016091
371.770095915
372.884860887
373.934868915
375.546874727
376.683900938
377.559223274
378.386929046
380.057073182
381.048670123
382.239766419
383.485092354
384.372845682
385.215227672
387.149209288
388.082142478
388.777717962
390.169112629
391.081925720
392.851762913
393.443407711
394.819997092
395.804609603
396.734455423
398.250415977
399.565510922
400.692875769
400.826430942
402.818318459
403.907405043
404.945586221
406.161247798
407.145015562
408.039526673
409.588213121
410.871662863
411.660571451
412.731146958
413.669285395
415.429295873
416.370591227
417.129270214
418.557476727
419.487459422
420.528953898
422.510373030
422.687254605
424.066895493
424.823388820
426.732417009
427.384017811
428.698107954
429.589385973
430.617557836
432.060772516
433.037443120
434.439352399
435.348154160
435.904163677
437.582219399
439.158108255
439.537569445
440.677227900
442.169739917
442.777044291
444.438290508
445.463739168
446.448331622
447.302008905
448.506931089
450.056620307
451.070775905
451.839972461
452.879869538
454.253514329
455.422497421
456.392498177
457.782550502
458.602132213
459.232883374
461.229860090
462.093262104
462.984574326
464.074350134
465.084496148
466.565294071
467.469878437
468.852763451
469.410153424
470.850118898
471.558488620
473.449639415
474.251661331
474.862403416
476.106908836
477.524504889
478.585174878
479.563790859
480.853431155
481.635725155
482.560089556
484.373451763
485.024407685
486.433852215
486.860821173
488.201746375
489.727584131
490.725911864
491.381656787
493.008423783
493.482083563
494.840881855
496.264596172
497.514650231
497.764550541
499.021411746
500.597773931
501.470600996
502.775458196
503.466430550
504.654124961
505.739139440
506.940053082
508.298673685
509.017744547
510.163388568
510.789757306
512.829907982
513.523603253
514.223717530
515.800889499
516.411584547
517.735975416
519.016986672
520.167292715
520.872667783
521.841481364
523.120986253
524.602934326
525.360948828
526.404135942
527.200666147
528.755645244
529.579467900
530.842335854
532.055495940
532.815358475
533.508383229
535.330957786
536.335200440
537.227107045
538.026826770
539.450819996
540.220384198
541.907599138
542.462563061
543.696092760
544.785461264
545.383442847
547.187258083
548.217679158
548.943532319
549.822639674
551.119867403
552.614795665
553.034345059
554.734801138
555.381062032
556.218689984
557.562546523
558.989683696
559.789420853
560.824185810
561.579552853
562.884918855
564.375152252
565.000010037
566.121867806
567.295583168
568.092673668
569.181680299
570.934821531
571.526840059
572.240067759
573.468181834
574.731873613
575.955557587
576.798420970
577.869362405
578.901696573
579.747418739
581.248096443
582.192370948
583.351349315
584.341799151
584.662080711
586.855128396
587.363530090
588.571741153
589.366144575
590.794446209
591.322226553
592.855302558
594.116707762
594.796809254
595.668258507
596.824141745
598.088888746
599.536729742
599.899728687
601.093915603
602.134674465
603.388979583
604.293814847
605.657211641
606.596061539
607.259225963
608.263762770
610.048741577
610.875426493
611.435652201
613.003677067
613.493458368
614.973836699
616.120801042
616.988074234
618.275844944
618.785027485
619.974871126
621.398865413
622.569382107
623.328788593
623.907597822
625.552890517
626.455609450
627.493450468
628.824833260
