6.648453345
9.831444433
11.958845626
16.033821128
17.566994292
19.540732623
22.227405454
24.588466217
26.776095948
28.461035100
29.707909350
33.000456007
34.728812979
35.868638372
38.129184721
39.560572946
41.842438546
44.031290061
45.427300083
46.492727160
48.345661821
51.087751927
52.125902231
53.830445195
55.589280335
56.838865943
58.386117485
61.138864752
62.132904720
63.709543061
64.637359665
66.747641846
68.590727925
70.115837159
71.605959479
73.350105431
74.293688438
75.534904117
78.072170864
79.786062490
80.567300856
81.923380893
83.699157002
84.952507104
86.809996679
88.281776600
90.376573182
90.715525933
92.450243254
93.394423938
95.970001646
97.331588253
98.227457870
99.838050808
101.187717097
102.605287941
103.666131080
105.973193798
107.297103637
108.498106624
109.550258607
110.636197673
112.615769945
114.230639872
115.578413982
116.635671760
118.371162306
119.561491626
120.281734192
122.061632284
124.242837149
125.281536169
126.398699378
127.320634828
129.048300094
130.197038267
132.086005303
133.030228388
134.924963894
135.874497690
137.201083467
138.035699031
139.410599595
141.946240552
142.524512433
143.961591123
144.948327613
146.384809609
147.879729103
148.679137699
150.562510671
152.114748550
153.287410499
154.490715695
155.242079999
156.499728544
158.400027042
159.872777573
161.246217562
161.767662597
163.757673728
164.612009393
165.784913266
166.898407663
168.854215262
170.432961763
171.343591377
172.110972630
173.559435027
174.638725563
176.356041321
177.725942058
178.792864987
180.242935136
181.569041020
182.383684767
183.797773186
184.362831327
186.896060680
187.945025987
188.959468675
190.139596763
190.970222276
192.823075408
193.536678639
195.096814689
196.540764562
197.861009508
199.091021706
200.245440845
200.754060140
202.194951443
203.843901945
205.746176520
206.161410093
207.457680079
208.625762407
210.301886303
210.677462195
212.231446512
213.520874141
215.446451451
216.340034149
217.198333965
218.446883100
219.262090216
220.787388393
222.466954264
223.525174846
224.590569555
225.952817446
227.050615240
228.270260668
229.129341119
230.065546722
232.350413570
233.278935917
234.585123424
235.278144085
236.319465106
237.750245986
239.018439318
240.079238597
241.829538192
242.471448437
244.278139951
245.093146542
245.941446142
247.049201975
248.192591634
250.256781270
251.241202786
252.442642867
252.878345552
254.699542811
255.481714352
256.795096008
257.827041965
259.225508444
260.901556909
261.835847243
262.725396396
263.939032865
264.589516594
266.018355839
267.866741832
268.768973016
269.920019932
270.976625228
272.112902815
273.510956390
274.294856492
275.085546418
276.844120467
278.525944667
279.301734724
280.495877667
281.260035210
282.170046556
283.934605185
284.614160744
286.569371563
287.122882958
288.495107861
289.896520867
290.738784962
291.684640556
292.632341446
293.853784418
295.797056426
297.105503126
297.387221348
298.752697401
299.766703023
300.999842876
302.128471245
303.260870221
304.461290831
305.999714987
307.013539187
308.192623933
308.829120788
310.232466362
310.590034608
312.830127982
313.861323105
315.037263593
315.963667984
316.806596971
318.444761629
319.181052542
320.240013460
321.213994842
323.066100804
324.066774853
325.543398101
325.973043556
326.910391695
328.168321638
329.298062232
330.711706206
332.158234770
332.829845359
333.994627358
335.452689872
336.262717770
337.161684691
338.287893369
339.178022251
341.260136091
342.424851634
342.827584986
344.238183749
344.925819772
346.175759487
347.491887629
348.451746214
349.812859184
350.862683200
352.386508649
352.968045139
354.419296586
355.084402873
355.734052088
357.410192223
359.035631101
360.001568878
360.990942355
361.802907374
362.888881768
364.347659791
365.155920461
365.955707063
367.609213762
368.621960948
370.452399682
370.654645705
372.053220727
372.565481249
373.888400974
374.957882756
376.661965624
377.695626851
378.531434358
379.520916881
381.083446402
381.612627330
382.900914097
383.746751145
384.672325084
386.801969081
387.531958093
388.626656579
389.464508964
390.381434921
391.408196135
392.703763384
394.000787282
394.890255147
396.438918531
397.043354078
398.487716554
399.606322305
400.127321867
401.239516726
402.125005668
404.072987993
405.073039076
406.236721115
406.901364735
407.732878228
409.163532112
410.299063692
410.914641976
412.460536647
413.429903523
414.811020219
416.054589607
416.809916535
417.578050744
418.779490117
419.446737221
421.020094498
422.677571645
423.376822069
424.129602405
425.550962972
426.298350797
427.625033611
428.553281358
429.251912095
430.575700071
432.271991299
433.271187017
434.057124624
435.084539181
436.077020622
436.594730310
438.466089763
439.169028447
440.800452861
441.522609011
442.581654898
443.751628664
444.966022622
445.654945792
446.504734904
447.504513719
449.106489685
450.578671195
451.352032589
452.391022678
452.850164434
454.283920979
455.324849755
456.280673552
457.543013017
458.657791913
459.696272341
461.063988251
462.036637359
462.741318522
463.729327363
464.759967194
465.494974741
467.788367576
468.192298278
469.389540666
470.375167253
471.065700138
472.601842244
473.230976294
474.740823437
474.939020707
476.784891342
478.099738959
478.895275247
480.063897598
480.918666024
481.404620125
482.734160194
483.942299255
485.302136038
486.351945181
487.494042290
487.947451479
489.524506107
490.489498942
491.299234558
492.096214126
493.234523017
494.621545113
496.232376629
496.938616046
497.599851095
498.743118702
499.520892556
500.779473170
501.799331244
503.010482029
504.307272020
504.854914892
506.547036564
507.233863907
508.142265264
509.462755064
509.730617534
510.881679146
512.739723345
513.838826458
514.664670968
515.462115956
516.645408989
517.249066065
518.861241429
519.571966993
520.408329518
521.869349047
523.031946158
524.065589875
525.315728613
525.876811279
526.812987782
527.621308098
528.834617646
530.233597798
531.487187487
532.509796397
533.070487050
534.166562672
535.521565999
536.442404209
536.942199446
538.430235667
539.008806760
540.978185513
541.782409028
542.932301334
543.414346676
544.453102059
545.498852881
546.394678019
547.798648491
549.073710702
549.682620637
551.087889881
551.844239813
553.119803129
553.945281287
554.843842766
555.634808512
556.582396689
558.685790598
559.181716741
560.405630694
561.217141292
561.955244421
562.938694322
564.439427221
565.029030199
566.111504776
567.596556619
568.288859619
569.659095717
570.730664363
571.368839074
572.387505595
573.003318071
574.258786241
575.566055531
577.159917807
577.715129524
578.546303299
579.484535759
580.907461879
581.417162907
582.951165433
583.189287969
584.685384841
585.819103463
587.453474539
587.928922222
588.722064130
590.029771583
590.458391405
591.526566687
592.985449354
594.170814860
595.089884267
596.142635800
596.936453687
598.170297811
599.080509103
600.117949738
600.829815115
601.542960603
603.278823679
604.603740978
605.306388411
606.441363182
